(245753184256, 15063171296, 527950)
1110000001111
1100001001111
1111001001111
1111000001111
1111111111111
1111111111111
1111111111111
1111100001111
1111101001111
1111001000011
1111000000011
(565198922465280, 565159714619552, 16794344)
1111111111111
1111111111111
1111111111111
1110011100111
1000011100000
0000001000000
0000011100000
1110011100111
1111111111111
1111111111111
1111111111111
(321057404256256, 321194978740226, 8945664)
1111111111111
1111111111111
1100001100000
0001001101000
0100001000010
0010011100100
0100001000010
0001001001000
0000001000000
1111111111111
1111111111111
(35257659752448, 35253387052036, 4785220)
1111111111111
1111111111111
1110001110111
1000001100000
0010001000100
0110011100110
0010001000100
0000001000000
1110001000111
1111111111111
1111111111111
(149671164805120, 149675468539970, 10258434)
1111111111111
1111111111111
1100001111011
0000101110000
0100001000010
0100101010010
0100001000010
0000101010000
1100001000011
1111111111111
1111111111111
(141877870592, 148319537314, 9766980)
1111000000111
1111010100111
1111001000111
1110000000111
1110010100111
1110001000111
1110010100111
1110000000111
1110001000111
1111010100111
1111000000111
(1412887495131136, 1412876746391616, 21053664)
1111111111111
1111111111111
1111011100011
1111001001011
1000001000001
1010011100101
1000001000001
1101001001011
1100011100011
1111111111111
1111111111111
(565405475176448, 565153273479232, 8425198)
1111111111111
1111111111111
1111111111111
1010011110100
0000011100000
0000011100000
0000011100000
0010011100100
1111111111111
1111111111111
1111111111111
(221601890304, 73293136964, 8424678)
1110000000111
1110000000111
1110011100111
1110000000111
1111111111111
1111111111111
1111111111111
1111000000111
1111011100111
1111000000111
1110000000111
(79730114560, 79742649508, 4785316)
1111111111111
1111111111111
1110011110111
1000011100000
0010011100100
0100001000010
0010011100100
0000011100000
1110011100111
1111111111111
1111111111111